
 59

(((((Corynorhinus_townsendii: 0.031333, ((((Lasiurus_cinereus: 0.017516, Lasiurus_borealis: 0.031800): 0.049080, (Antrozous_pallidus: 0.003744, Nycticeius_humeralis: 0.004188): 0.057950): 0.005171, (Pipistrellus_kuhlii: 0.016719, Pipistrellus_pipistrellus: 0.017107): 0.066761): 0.006284, (Ia_io: 0.015610, (Eptesicus_fuscus: 0.011128, Eptesicus_nilssonii: 0.010490): 0.005541): 0.007852): 0.003503): 0.010788, (Murina_aurata: 0.057177, ((Myotis_brandtii: 0.010807, (Myotis_volans: 0.011421, ((Myotis_californicus: 0.010812, (Myotis_auriculus: 0.008884, (Myotis_evotis: 0.003379, Myotis_thysanodes: 0.003597): 0.003859): 0.001504): 0.004009, ((Myotis_lucifugus: 0.006433, Myotis_occultus: 0.006507): 0.003675, (Myotis_velifer: 0.005756, Myotis_yumanensis: 0.006103): 0.006817): 0.001745): 0.001312): 0.001282): 0.003499, (Myotis_davidii: 0.022086, Myotis_myotis: 0.015812): 0.005877): 0.013708): 0.009167): 0.064454, (Miniopterus_natalensis: 0.005089, Miniopterus_schreibersii: 0.004500): 0.088438): 0.010013, (Tadarida_brasiliensis: 0.026394, (Molossus_molossus: 0.005453, Molossus_nigricans: 0.005579): 0.040270): 0.053472): 0.012741, (Noctilio_leporinus: 0.128666, ((Macrotus_californicus: 0.068112, (Micronycteris_hirsuta: 0.065380, (Desmodus_rotundus: 0.053175, (Anoura_caudifer: 0.052517, ((Carollia_perspicillata: 0.050650, Artibeus_jamaicensis: 0.055088): 0.008833, (Trachops_cirrhosus: 0.036248, (Tonatia_saurophila: 0.046010, (Phyllostomus_discolor: 0.022368, Phyllostomus_hastatus: 0.018364): 0.027047): 0.011750): 0.010193): 0.002329): 0.011448): 0.002902): 0.005533): 0.029158, (Mormoops_blainvillei: 0.068244, Pteronotus_parnellii: 0.068544): 0.005352): 0.011533): 0.030666, (((Craseonycteris_thonglongyai: 0.106177, Megaderma_lyra: 0.097686): 0.025174, (Rhinolophus_ferrumequinum: 0.060496, (Hipposideros_armiger: 0.005270, Hipposideros_pendleburyi: 0.004482): 0.055875): 0.029086): 0.015077, (((Macroglossus_sobrinus: 0.052910, (Cynopterus_brachyotis: 0.006606, Cynopterus_sphinx: 0.005623): 0.050094): 0.004213, ((Eidolon_dupreanum: 0.004108, Eidolon_helvum: 0.006057): 0.029290, (Rousettus_leschenaultii: 0.004801, (Rousettus_aegyptiacus: 0.003307, Rousettus_madagascariensis: 0.003896): 0.002344): 0.038081): 0.001999): 0.002029, (Pteropus_alecto: 0.006513, ((Pteropus_giganteus: 0.002557, Pteropus_rufus: 0.002412): 0.001284, (Pteropus_pselaphon: 0.003629, Pteropus_vampyrus: 0.003560): 0.000444): 0.003492): 0.023953): 0.078250): 0.035984);

  0.012741  0.010013  0.064454  0.010788  0.031333  0.003503  0.006284  0.005171  0.049080  0.017516  0.031800  0.057950  0.003744  0.004188  0.066761  0.016719  0.017107  0.007852  0.015610  0.005541  0.011128  0.010490  0.009167  0.057177  0.013708  0.003499  0.010807  0.001282  0.011421  0.001312  0.004009  0.010812  0.001504  0.008884  0.003859  0.003379  0.003597  0.001745  0.003675  0.006433  0.006507  0.006817  0.005756  0.006103  0.005877  0.022086  0.015812  0.088438  0.005089  0.004500  0.053472  0.026394  0.040270  0.005453  0.005579  0.030666  0.128666  0.011533  0.029158  0.068112  0.005533  0.065380  0.002902  0.053175  0.011448  0.052517  0.002329  0.008833  0.050650  0.055088  0.010193  0.036248  0.011750  0.046010  0.027047  0.022368  0.018364  0.005352  0.068244  0.068544  0.035984  0.015077  0.025174  0.106177  0.097686  0.029086  0.060496  0.055875  0.005270  0.004482  0.078250  0.002029  0.004213  0.052910  0.050094  0.006606  0.005623  0.001999  0.029290  0.004108  0.006057  0.038081  0.004801  0.002344  0.003307  0.003896  0.023953  0.006513  0.003492  0.001284  0.002557  0.002412  0.000444  0.003629  0.003560

 -0.151735 -0.080683  0.149832 -0.127842  0.007901  0.769139 -0.509029 -0.430837 -0.260777  0.021738 -0.232424  0.244286  1.667808 -1.212625  0.028374 -0.362968 -0.428070 -0.165177 -0.146721 -1.433279 -0.288987  0.202764 -0.017304 -0.270893  0.503004 -1.794665 -0.674900 -14.480961  0.079420 -14.852564 -1.474890  0.513659 -14.750922 -1.197751 -1.937823 -0.787798 -2.877912 -9.981493 -2.294264 -0.692870 -1.064097 -0.955080 -1.302177 -1.239245 -1.617978  0.321197  0.073346  0.280225 -1.388753 -1.996850 -0.072934  0.137240  0.029096 -0.691230 -0.185231  0.223644 -0.016503  0.000000 -0.865345  0.038147 -0.301014 -0.133311 -1.512502 -0.069639 -0.306160 -0.402608 -2.380969 -0.186942 -0.009972 -0.125784  0.185538 -0.183119 -0.309521 -0.210347 -0.319646 -0.447503  0.224059 -0.262856 -0.093721 -0.481548  0.039330 -0.313093  0.104472 -0.159967  0.235443 -0.105206 -0.006586  0.384789 -0.714517 -0.451994  0.332538 -2.401433 -0.901911 -0.059705  0.000000 -0.656899 -0.999046 -2.428226 -0.147033 -1.466628 -0.529972 -0.122238 -3.800179 -5.368133 -2.016630 -2.758773  0.013643 -0.803851 -3.307451 -20.648838 -7.749740 -9.970204 -171.239542 -3.044852 -3.069421


Hessian

 -1.288e+07 -1.534e+06 -2.693e+05  7.315e+04  3.536e+04  8.816e+04  9.224e+04  1.267e+05  7.432e+04  7.771e+04  7.385e+04  9.702e+04  1.569e+05  4.104e+04   1.21e+05  8.342e+04  1.049e+05  1.268e+05 -6.295e+04  1.418e+05  1.333e+05  8.899e+04  1.191e+05  1.706e+04  6.475e+04  1.424e+05  3.587e+04  1.572e+05 -1.754e+04  2.267e+05  1.327e+05   5.46e+04  1.587e+05   1.12e+05  1.527e+05 -1.055e+04   7.34e+04  1.244e+05  1.361e+05  6.155e+04  1.152e+05  1.882e+05  9.717e+04  4.361e+04  2.022e+05  4.923e+04  1.148e+04 -1.277e+05   2.39e+04 -1.409e+04 -4.848e+05 -4.002e+04 -1.402e+05  7.523e+04  4.735e+04 -8.328e+05  3.316e+04 -4.797e+05 -4.981e+04  3.003e+04  -4.15e+04  5.206e+04  2.589e+04  5.953e+04 -5.733e+04  7.467e+04 -1.409e+05  1.181e+04  3.184e+04  7.359e+04  5.899e+04  9.039e+04  7.518e+04  7.052e+04  3.018e+04  1.015e+05  1.159e+05  -7.05e+04  2.989e+04  3.002e+04 -5.802e+05 -2.067e+05 -8.156e+04 -1.718e+04      -3203 -7.512e+04  5.423e+04  5.076e+04  1.041e+05  5.822e+04 -1.005e+04   1.13e+05  5.113e+04  1.002e+05       7693  1.398e+05  6.063e+04  3.141e+04  1.215e+05  8.284e+04  8.505e+04  9.385e+04  1.677e+05  3.038e+05  2.112e+05  1.367e+05  1.412e+05  1.144e+05  1.773e+05 -1.362e+05  2.117e+05  9.838e+04  2.763e+05  9.643e+04  7.195e+04
 -1.534e+06 -1.325e+07 -1.089e+06       1399 -3.445e+04  1.088e+05  1.157e+05  1.526e+05  1.029e+05  4.273e+04      9e+04  1.335e+05  9.667e+04  7.757e+04  1.728e+05  9.328e+04  1.292e+05  1.731e+05 -7.671e+04  1.107e+05  1.508e+05   8.79e+04    5.9e+04  3.287e+04  5.059e+04  2.298e+04 -2.662e+04       5521       2739  2.354e+05  1.495e+05  5.723e+04  4.974e+04  6.516e+04 -1.579e+04  2.075e+04  5.177e+04   5.77e+04  1.554e+04 -8.791e+04   6.59e+04  4.623e+04  2.515e+04  1.107e+04  7.738e+04   8.22e+04  4.518e+04  -6.65e+05 -1.183e+05       5835 -2.661e+05 -3.545e+04 -1.051e+05       9625      569.4 -2.295e+05      768.8  -1.34e+05 -4.915e+04  4.067e+04 -1.311e+04  4.616e+04  7.096e+04  6.482e+04  3.185e+04  8.291e+04  1.887e+04  3.253e+04  2.892e+04  1.962e+04 -1.545e+04  9.957e+04 -4.421e+04  8.675e+04      -1733  1.208e+05  1.345e+05 -3.987e+04  2.466e+04  1.606e+04 -1.199e+05 -3.622e+04  -5.71e+04 -1.312e+04  1.151e+04 -2.838e+04  6.406e+04  3.548e+04  6.279e+04  1.055e+05     -357.7 -1.078e+05 -4.839e+04  8.581e+04 -1.381e+04  6.126e+04  7.481e+04  3.422e+04  9.902e+04   1.51e+05  2.761e+04   6.39e+04  4.618e+04  1.353e+05  2.014e+05  1.787e+05  1.105e+05  1.323e+05   1.33e+05  1.234e+04  1.548e+05  1.334e+05  1.544e+05  1.662e+05  1.947e+05
 -2.693e+05 -1.089e+06 -3.595e+06 -1.735e+05  -5.56e+04  4.958e+04  1.028e+05  6.017e+04  6.096e+04  5.347e+04  6.693e+04   8.15e+04  5.238e+04  4.612e+04  1.003e+05 -1.857e+04  8.064e+04  3.619e+04 -1.131e+05  6.746e+04  8.004e+04  3.352e+04 -2.813e+04       9739  2.917e+04  2.886e+04 -2.594e+04  4.638e+04 -5.298e+04  2.474e+05  1.048e+05 -2.514e+04  6.179e+04       5083     -245.1 -7.921e+04  1.969e+04  9.354e+04  2.705e+04       9465 -8.113e+04       4819 -9.172e+04 -5.735e+04  5.782e+04  5.714e+04 -1.553e+04   1.04e+04  3.257e+04  4.395e+04 -6.258e+04      -3188  -2.05e+04  5.567e+04   6.43e+04  -7.57e+04  1.568e+04 -5.051e+04 -2.701e+04  6.618e+04 -2.384e+04  3.856e+04  1.561e+04  8.511e+04      -1192  7.722e+04 -2.453e+04  3.574e+04  3.108e+04  5.839e+04 -1.319e+04  6.901e+04       2653  8.714e+04  -1.27e+04  9.772e+04  1.222e+05       9218  4.726e+04   2.66e+04 -1.177e+04  2.752e+04       9365   1.06e+04  3.045e+04  5.007e+04  1.015e+05  7.146e+04  1.358e+05  9.811e+04   1.43e+04 -1.013e+05 -1.581e+04  5.983e+04       9884   1.47e+05  6.683e+04  3.224e+04  8.208e+04  7.599e+04  1.452e+04  5.522e+04  1.091e+05  1.046e+05  1.187e+05  9.037e+04  9.039e+04  1.261e+05  1.342e+05  1.569e+05  2.128e+05  1.426e+05  2.719e+05  1.009e+05  1.794e+05
  7.315e+04       1399 -1.735e+05 -2.161e+07 -2.141e+05 -2.866e+06 -3.518e+05 -5.491e+05 -1.272e+05 -1.072e+05   2.19e+04 -1.419e+05 -3.648e+04  7.886e+04 -9.076e+04 -1.152e+04  3.074e+04 -6.135e+05 -2.346e+05 -4.005e+05 -2.311e+05 -1.764e+05 -3.093e+06      -6791 -1.517e+06  -4.04e+05 -4.735e+04 -4.918e+05 -1.132e+05 -6.197e+05 -2.247e+05 -9.174e+04 -3.058e+05  2.402e+04 -1.563e+05 -9.031e+04  7.158e+04 -1.045e+05 -2.731e+05 -1.219e+05 -1.777e+05 -1.548e+05 -2.931e+04 -2.252e+04 -1.123e+05 -1.545e+05   1.52e+04  6.895e+04  8.891e+04  7.377e+04  6.702e+04  4.681e+04  8.223e+04  2.252e+05       6771  6.448e+04  9.179e+04  7.579e+04  7.372e+04  7.603e+04  6.752e+04  6.877e+04  1.736e+05  9.981e+04  3.331e+04  1.158e+05  -2.34e+04  9.335e+04  4.134e+04  1.228e+05   4.42e+04  7.767e+04  -3.79e+04  1.143e+05   1.02e+05  1.129e+05  1.985e+05  7.161e+04  1.192e+05  7.743e+04  9.591e+04  1.217e+05  9.564e+04  6.399e+04  8.699e+04  1.395e+05  1.172e+05  1.274e+05  2.654e+05  1.709e+05  1.065e+05  4.174e+04  1.105e+05  8.946e+04  1.269e+05  1.844e+05  2.752e+04  4.521e+04  1.452e+05  1.665e+05  1.156e+05  9.153e+04  8.321e+04  1.822e+05  1.541e+05  4.731e+04  1.238e+05  1.076e+05  1.175e+05  1.911e+05  2.447e+05   1.17e+05  3.208e+05  3.058e+04  1.987e+05
  3.536e+04 -3.445e+04  -5.56e+04 -2.141e+05 -9.112e+06 -1.441e+06 -3.711e+05 -8.094e+05 -2.861e+05 -2.273e+05 -1.868e+04 -1.784e+05 -9.782e+04  3.292e+04       4695 -9.447e+04 -6.708e+04  -5.01e+05 -2.248e+05  -1.91e+05 -1.296e+05 -8.394e+04 -6.235e+04 -4.916e+04 -1.534e+05 -8.884e+04 -2.017e+05 -4.773e+05 -1.303e+04  5.511e+04  4.816e+04  -4.02e+04 -6.036e+04 -7.113e+04      -8375 -1.554e+05  -5.91e+05      -9375      246.2 -1.333e+05 -1.361e+05 -6.174e+04 -1.115e+05 -3.012e+04 -2.277e+05       2983 -3.734e+04  5.316e+04 -1.131e+04  2.627e+04  8.622e+04  5.619e+04  7.534e+04 -3.076e+05  6.689e+04  7.452e+04  4.907e+04  1.111e+05  1.198e+05  3.512e+04  1.746e+05  9.635e+04  1.265e+05  9.657e+04  1.139e+05  7.123e+04  2.041e+05  1.199e+05   4.77e+04  9.676e+04  1.063e+05  9.828e+04  1.609e+05  9.354e+04  1.365e+05   1.28e+05   1.45e+05  7.056e+04  7.455e+04  8.239e+04  8.905e+04  1.059e+05  1.075e+05  6.226e+04  8.139e+04  1.018e+05  1.028e+05  9.714e+04  7.793e+04  1.517e+05  8.966e+04  1.044e+05  1.116e+05  6.295e+04  1.009e+05    1.1e+05  1.586e+05  1.074e+05  7.915e+04  1.267e+05  4.551e+04  1.235e+05  7.932e+04  1.741e+05  5.973e+04  9.593e+04  9.708e+04  1.115e+05  2.175e+05   2.97e+05  2.611e+05  1.199e+05  3.367e+05  1.924e+05  3.578e+04
  8.816e+04  1.088e+05  4.958e+04 -2.866e+06 -1.441e+06 -5.415e+07 -1.424e+06 -9.354e+05 -8.652e+05 -5.413e+05 -9.267e+04 -6.824e+05 -3.824e+05  1.266e+05 -3.367e+05 -3.432e+04  3.655e+04 -5.511e+06 -5.481e+05 -1.571e+06 -4.676e+05  -3.32e+05 -8.551e+05 -3.393e+05 -6.888e+05  -4.51e+05 -1.687e+05   -9.3e+05 -8.186e+04 -6.178e+05 -4.087e+05 -1.932e+05  -3.73e+05 -3.172e+05  4.911e+04   1.16e+05 -5.461e+04  -2.73e+05 -1.918e+05 -4.292e+05   1.09e+05 -1.647e+05 -3.878e+04   3.55e+04 -6.137e+05 -3.849e+05 -1.392e+05      -2061 -5.192e+04 -4.583e+04  3.195e+04  8.558e+04  5.336e+04  5.063e+04  1.326e+05  1.706e+04  6.361e+04  8.899e+04  4.243e+04  1.262e+05  1.502e+05  7.917e+04  2.932e+04  1.726e+05  2.504e+05  1.788e+05  1.106e+05   1.76e+05   7.26e+04  1.776e+05  3.724e+04   2.01e+05 -1.003e+05  1.172e+05 -4.639e+04  2.512e+05  2.112e+05  6.577e+04  1.444e+05  9.491e+04  1.234e+05  1.956e+05  1.599e+05  7.776e+04  1.343e+05  2.279e+05  1.982e+05  1.722e+05  3.295e+05  4.037e+05  1.393e+05  1.256e+05  1.302e+05  1.212e+05  9.903e+04  2.207e+05  5.946e+04  3.321e+05  2.141e+05  3.727e+05  2.415e+05  1.667e+05 -1.665e+04  3.112e+05  1.846e+05  2.942e+05  3.038e+05  3.453e+05   2.14e+05  6.445e+04  6.322e+05  5.366e+05  -3.34e+05  2.806e+05  4.497e+05
  9.224e+04  1.157e+05  1.028e+05 -3.518e+05 -3.711e+05 -1.424e+06 -2.821e+07 -4.652e+06 -7.441e+05  -5.42e+05 -1.809e+05 -8.551e+05 -4.722e+05  8.454e+04 -9.645e+05 -1.282e+05 -8.647e+04 -1.329e+06 -2.213e+05 -8.114e+05 -1.097e+06 -9.501e+05 -9.225e+05 -3.448e+05 -8.175e+05  -6.76e+05 -1.217e+04 -4.823e+05  6.331e+04 -6.166e+05 -3.612e+05 -3.253e+05 -3.791e+05 -2.148e+05 -5.475e+04 -2.091e+05   1.17e+05  -1.16e+05 -3.925e+05  9.085e+04 -1.696e+05  -1.99e+05  2.552e+04  1.205e+05 -4.937e+05 -4.459e+05  -1.25e+05  -6.33e+04   7.81e+04  3.204e+04  1.181e+05  1.483e+05  6.526e+04   3.34e+05  2.343e+05  7.104e+04  3.464e+04  8.453e+04 -1.063e+04  1.099e+05  5.486e+04  6.525e+04  2.032e+04  1.497e+05  8.942e+04  1.414e+05 -1.241e+05  1.979e+05  4.315e+04  1.358e+05 -9.775e+04  7.005e+04   -2.2e+05  8.264e+04   -7.5e+04  4.755e+04   1.89e+05  1.446e+05  1.196e+05  5.595e+04  9.584e+04  7.633e+04  1.607e+05  9.283e+04  1.326e+05  1.187e+05  1.427e+05   1.12e+05  1.711e+05  2.354e+05  1.094e+05 -2.158e+05  3.607e+04  7.735e+04       9649  1.757e+05  7.224e+04  1.348e+05   1.86e+05   1.86e+05  9.095e+04  7.508e+04  2.018e+05  2.189e+05  2.961e+05  3.357e+05  1.696e+05  1.804e+05  1.779e+05  3.365e+05  2.992e+05  3.543e+05  3.224e+05  4.703e+04  2.297e+05
  1.267e+05  1.526e+05  6.017e+04 -5.491e+05 -8.094e+05 -9.354e+05 -4.652e+06 -2.646e+07 -1.419e+06 -6.242e+05 -9.205e+04 -1.538e+06 -8.141e+05  2.432e+04 -1.241e+05 -4.432e+04  -6.67e+04 -1.127e+06 -1.239e+05 -6.329e+05   -6.2e+05 -2.539e+05 -5.195e+05 -1.641e+05 -3.515e+05 -3.148e+05   2.85e+04  -1.33e+05  3.637e+04 -4.528e+05 -9.001e+04  5.825e+04  1.349e+05 -1.009e+05  1.327e+05  2.674e+04  4.174e+04      -73.4 -1.456e+05  1.478e+04  -1.79e+04 -4.081e+04 -5.144e+04  5.397e+04  -2.11e+05 -2.166e+05 -4.904e+04  2.028e+04   5.06e+04  1.623e+05  1.538e+05  1.289e+05  1.173e+05   1.84e+05  2.779e+05  6.998e+04  1.194e+04  1.021e+05  3.982e+04  9.238e+04  1.298e+05  3.223e+04  1.956e+05  1.126e+05  3.425e+04  9.641e+04  6.938e+04  1.205e+05   4.15e+04  1.441e+05  1.473e+04  6.985e+04 -3.857e+04  7.622e+04  2.014e+04  6.596e+04  1.482e+05  1.077e+05  1.279e+05  7.721e+04  1.263e+05  1.392e+05  1.233e+05   1.16e+05  1.077e+05  1.544e+05  1.366e+05  1.063e+05   2.12e+05  2.203e+05  1.322e+05  1.798e+05  5.554e+04  8.101e+04  6.223e+04   2.36e+05  1.603e+05  1.814e+04  1.592e+05  1.689e+05  1.206e+05  1.274e+05  -3.42e+04  2.525e+05   2.35e+05  1.839e+05  1.819e+05  1.434e+05    8.7e+04 -6.744e+04  1.798e+05  2.443e+05  1.615e+05  1.126e+05  1.615e+05
  7.432e+04  1.029e+05  6.096e+04 -1.272e+05 -2.861e+05 -8.652e+05 -7.441e+05 -1.419e+06 -4.497e+06 -1.444e+06 -7.756e+04  1.263e+04   3.69e+04   3.74e+04 -1.839e+05 -2.286e+04       9815 -1.919e+05 -5.108e+04 -2.159e+05  -2.22e+05 -9.173e+04 -1.891e+05 -2.843e+04 -1.884e+05 -8.128e+04  4.669e+04  7.994e+04  3.081e+04 -1.255e+05     -245.5  6.145e+04 -2.246e+04  4.389e+04  2.262e+04       6434  6.975e+04  8.557e+04  1.724e+04  2.008e+04  6.492e+04  -1.18e+04  5.494e+04   6.45e+04 -7.187e+04      -8746       8378   4.57e+04  9.296e+04  9.661e+04  1.077e+05  9.755e+04  1.028e+05  1.002e+05    1.8e+05  6.776e+04  5.089e+04  9.564e+04  8.271e+04  7.346e+04  8.777e+04  8.641e+04  2.833e+04  1.101e+05  9.247e+04  8.483e+04  1.094e+05  1.259e+05  4.615e+04  1.117e+05  5.379e+04  7.402e+04  6.412e+04    9.3e+04      78.19   5.39e+04  8.788e+04   1.13e+05  9.612e+04  8.273e+04  5.911e+04  9.568e+04  9.904e+04  6.188e+04  7.662e+04  1.139e+05  9.924e+04  9.256e+04  1.681e+05  1.807e+05  1.048e+05  7.915e+04  1.139e+05  3.494e+04  7.722e+04  1.121e+05  8.876e+04  1.072e+05  1.225e+05  1.358e+05  8.326e+04  8.043e+04  8.018e+04  8.754e+04  1.347e+05  2.031e+05  1.155e+05  1.425e+05  7.775e+04  1.407e+05  1.307e+05  1.414e+05   1.49e+05  9.967e+04  6.026e+04
  7.771e+04  4.273e+04  5.347e+04 -1.072e+05 -2.273e+05 -5.413e+05  -5.42e+05 -6.242e+05 -1.444e+06 -1.038e+07 -7.797e+05  -2.78e+04 -8.852e+04  1.816e+04 -5.578e+04 -2.435e+04 -1.071e+05 -1.003e+05  -6.42e+04 -1.476e+05 -6.933e+04  -1.07e+05 -8.895e+04  -2.76e+04 -1.207e+05  -4.17e+04 -2.084e+05 -4.062e+05  9.792e+04 -1.759e+04  6.155e+04  8.216e+04   1.32e+04       3203  1.169e+05 -5.249e+04 -8.452e+05  1.125e+05  1.727e+05  8.261e+04 -1.425e+04   4.14e+04       1827  1.175e+05  -2.63e+05     -4e+04  1.249e+04   5.77e+04  9.063e+04  8.873e+04  9.207e+04  7.316e+04  1.048e+05 -3.239e+05  1.655e+05  8.239e+04  4.049e+04  1.052e+05  1.609e+05  5.991e+04   1.59e+05  1.076e+05  1.509e+05  9.454e+04  8.997e+04  1.086e+05  1.257e+05  1.237e+05   7.41e+04  1.087e+05  9.161e+04  1.019e+05  1.287e+05  9.525e+04  6.308e+04  8.207e+04   7.03e+04  1.395e+05  1.129e+05  9.967e+04  8.509e+04  1.018e+05  1.245e+05  7.564e+04  9.882e+04   9.78e+04  1.017e+05  1.037e+05  1.333e+05  1.382e+05  1.039e+05  1.056e+05   1.35e+05  3.835e+04  9.314e+04  6.047e+04  9.336e+04  1.742e+05  1.096e+05  1.588e+05  9.989e+04  1.058e+05  1.101e+05  1.129e+05  3.492e+04  1.796e+05  1.411e+05  6.073e+04   3.42e+04  4.806e+04 -2.549e+05  1.819e+05  1.038e+05  9.184e+04  9.983e+04
  7.385e+04      9e+04  6.693e+04   2.19e+04 -1.868e+04 -9.267e+04 -1.809e+05 -9.205e+04 -7.756e+04 -7.797e+05 -5.552e+06  -1.15e+05 -3.332e+04   6.26e+04 -1.384e+05      -4367 -1.239e+04 -3.808e+04  2.889e+04 -8.001e+04 -7.619e+04 -7.752e+04       1211 -1.899e+04      -8312 -2.478e+04  2.235e+04 -4.082e+04  1.283e+05  1.338e+04  7.339e+04  4.677e+04      -5636  5.554e+04  1.215e+05  1.354e+05  4.374e+04   4.49e+04  6.627e+04  1.137e+05  -1.88e+04  6.257e+04  5.663e+04  7.852e+04 -6.273e+04    1.2e+04       8742       7238  5.092e+04  4.859e+04  7.984e+04  7.659e+04  5.431e+04   9.06e+04  8.473e+04  8.996e+04  4.703e+04  1.083e+05  1.039e+05  5.991e+04  1.109e+05  5.207e+04  7.043e+04  5.191e+04   7.54e+04  8.389e+04  2.875e+04  3.879e+04  2.289e+04  5.792e+04  3.729e+04  7.948e+04  6.626e+04  6.581e+04   1.01e+04  5.682e+04  8.667e+04  1.017e+05  8.015e+04  7.398e+04  8.153e+04  9.451e+04  1.123e+05  6.582e+04  7.953e+04  8.124e+04  7.485e+04  7.688e+04  7.008e+04  1.846e+04  7.836e+04  5.838e+04  3.607e+04  5.343e+04  5.056e+04  7.886e+04  1.988e+04  1.541e+05  1.132e+05  6.663e+04  5.365e+04  6.957e+04   8.29e+04  9.028e+04  8.953e+04  1.656e+05  1.096e+05   5.15e+04  5.333e+04  7.395e+04  3.771e+04  1.504e+05  2.621e+05  3.595e+04  1.303e+05
  9.702e+04  1.335e+05   8.15e+04 -1.419e+05 -1.784e+05 -6.824e+05 -8.551e+05 -1.538e+06  1.263e+04  -2.78e+04  -1.15e+05 -4.307e+06 -2.012e+06 -4.507e+04 -1.876e+05 -3.997e+04 -5.677e+04 -2.793e+05 -4.597e+04 -3.422e+05 -2.077e+05 -7.515e+04 -1.415e+05 -5.023e+04 -1.473e+05 -1.356e+05   3.83e+04 -6.375e+04  8.787e+04 -5.979e+04 -6.984e+04      -3971 -7.366e+04 -2.365e+04  1.554e+04  1.126e+04  3.163e+04 -2.212e+05 -3.506e+04  2.318e+04 -2.022e+04  4.146e+04 -1.795e+04  6.755e+04 -9.804e+04 -7.041e+04       2114  7.006e+04  1.053e+05  1.026e+05  1.042e+05  9.212e+04  7.751e+04   8.98e+04  8.048e+04  8.232e+04  6.704e+04  9.926e+04  7.217e+04  6.003e+04  1.133e+05  5.655e+04  1.315e+05  1.109e+05   1.26e+05  8.468e+04  1.152e+05  9.166e+04  4.065e+04    8.8e+04  4.619e+04  6.777e+04  7.355e+04  8.264e+04  3.755e+04  1.009e+05  8.699e+04  1.011e+05  9.588e+04  8.988e+04  1.193e+05  1.189e+05  9.402e+04  6.894e+04  8.195e+04  1.217e+05  1.214e+05  1.065e+05  1.335e+05  1.476e+05  9.868e+04  1.279e+05  1.147e+05  9.381e+04  1.083e+05  1.489e+05  1.559e+05  6.285e+04  1.305e+05  1.586e+05  1.291e+05  1.248e+05  1.109e+05  1.659e+05   1.76e+05  1.531e+05  1.418e+05  1.098e+05  1.708e+05  1.987e+05  2.371e+05   1.37e+05  1.327e+05  1.551e+05  1.167e+05
  1.569e+05  9.667e+04  5.238e+04 -3.648e+04 -9.782e+04 -3.824e+05 -4.722e+05 -8.141e+05   3.69e+04 -8.852e+04 -3.332e+04 -2.012e+06  -4.05e+07 -5.718e+06 -5.384e+04 -5.272e+04 -8.641e+04 -1.242e+05 -1.617e+05 -1.225e+05 -8.313e+04 -2.152e+05      -7125      -3691      -2195       7625 -1.196e+05 -1.764e+05  1.542e+05 -6.798e+04 -1.067e+05  1.554e+04 -9.121e+04  1.929e+05 -2.044e+04 -2.026e+05  3.421e+04  2.348e+05  1.057e+05 -9.869e+04      -6284      -3118 -1.206e+04  6.554e+04  2.935e+04 -1.227e+05  5.731e+04  8.228e+04  6.439e+04  2.799e+04  1.195e+05  1.228e+05    9.3e+04 -1.756e+05  1.162e+04  1.186e+05  8.753e+04   1.43e+04  6.091e+04  6.328e+04 -1.552e+04  7.558e+04  1.708e+05  1.067e+05  1.884e+05  6.047e+04  1.614e+05       9266  4.533e+04  3.704e+04  9.504e+04  7.302e+04  1.005e+05  1.129e+05  1.179e+05  8.726e+04  1.505e+04  6.458e+04  6.282e+04  3.125e+04  1.545e+05  1.372e+05  1.247e+05  8.948e+04  9.007e+04  1.239e+05   1.15e+05  1.523e+05  1.451e+05  9.895e+04  6.771e+04  1.999e+05  1.588e+05   8.68e+04  1.041e+05  -7.48e+04 -4.371e+04  1.731e+05  6.469e+04  1.642e+05 -6.291e+04  1.231e+05  9.696e+04       5171  2.702e+05 -2.334e+05  1.442e+05  2.121e+05   1.67e+05  1.265e+05  1.962e+05  1.623e+05  3.254e+05  8.534e+04  1.829e+05
  4.104e+04  7.757e+04  4.612e+04  7.886e+04  3.292e+04  1.266e+05  8.454e+04  2.432e+04   3.74e+04  1.816e+04   6.26e+04 -4.507e+04 -5.718e+06 -3.609e+07  5.664e+04 -5.547e+04  -7.85e+05  1.182e+05 -9.242e+04  8.524e+04  2.645e+04 -1.252e+06  3.749e+04  4.038e+04  1.267e+05  2.495e+05   2.38e+04  4.221e+04 -1.017e+05  1.025e+05 -2.374e+04  2.183e+04 -9.883e+04  2.815e+04 -2.104e+05 -1.091e+05  1.399e+05 -2.286e+04  6.665e+04 -6.226e+04 -1.938e+05 -6.065e+04      -3728 -6.851e+04  3.252e+04 -5.076e+05  2.077e+04  6.723e+04   6.55e+04  1.777e+04  7.934e+04 -3.257e+05  5.548e+04  9.081e+04 -1.171e+05  1.013e+05  8.854e+04  3.946e+04  9.199e+04 -1.117e+05  5.239e+04   1.01e+05  4.735e+04  6.672e+04 -4.089e+04  7.861e+04  1.861e+05  1.075e+05  3.569e+04  9.777e+04  8.145e+04  8.998e+04  4.641e+04      1e+05  6.513e+04  1.372e+05  1.467e+05  1.462e+05  2.434e+04  1.134e+05  1.331e+05  1.007e+05  1.165e+05  4.494e+04  8.734e+04   4.41e+04 -1.287e+05  4.536e+04   5.43e+04  1.429e+04  5.862e+04  1.608e+05  5.424e+04  5.606e+04  1.086e+05   5.62e+04  6.339e+04  4.198e+04  6.444e+04   1.48e+05   2.85e+04  1.173e+05  6.731e+04 -1.449e+04  2.015e+05  1.136e+05  5.545e+04  1.174e+04  4.218e+04 -2.274e+05  1.224e+05  1.005e+05 -1.478e+05       7644  2.617e+05
   1.21e+05  1.728e+05  1.003e+05 -9.076e+04       4695 -3.367e+05 -9.645e+05 -1.241e+05 -1.839e+05 -5.578e+04 -1.384e+05 -1.876e+05 -5.384e+04  5.664e+04 -3.737e+06 -2.681e+05 -7.284e+04 -1.089e+06       3102 -7.693e+05 -4.555e+05 -2.848e+05 -3.896e+05  -1.02e+05 -3.341e+05 -2.428e+05  8.567e+04 -1.182e+05  3.058e+04 -3.444e+05 -1.742e+05 -1.892e+04 -1.569e+05  -8.97e+04       3722  3.732e+04  1.199e+05 -5.133e+04 -1.216e+05  1.665e+05  4.226e+04  5.825e+04  7.539e+04  2.105e+05 -2.497e+05 -7.846e+04 -1.911e+04   2.52e+04  5.769e+04  6.319e+04  7.348e+04  7.082e+04  6.251e+04  1.853e+05  1.552e+05  9.731e+04  8.295e+04  1.254e+05  8.283e+04   9.16e+04  7.612e+04  8.561e+04  1.663e+05  1.292e+05  9.554e+04  1.266e+05  7.852e+04  1.093e+05   4.19e+04  1.127e+05  1.176e+05  1.249e+05  5.185e+04  1.039e+05  5.601e+04  1.368e+05  1.435e+05  9.084e+04  9.915e+04   1.05e+05  8.343e+04  1.303e+05  7.599e+04  4.949e+04  7.397e+04   1.34e+05  1.254e+05  1.176e+05  1.653e+05  1.379e+05   1.11e+05  7.447e+04    6.5e+04  1.073e+05  8.025e+04  1.687e+05  1.208e+05  1.899e+05  1.315e+05  1.929e+05  1.259e+05  1.301e+05  1.008e+05  9.444e+04  1.204e+05  1.863e+05  1.657e+05  1.146e+05  2.003e+05  2.007e+05  9.165e+04  1.356e+05  2.389e+05  5.936e+04  1.384e+05
  8.342e+04  9.328e+04 -1.857e+04 -1.152e+04 -9.447e+04 -3.432e+04 -1.282e+05 -4.432e+04 -2.286e+04 -2.435e+04      -4367 -3.997e+04 -5.272e+04 -5.547e+04 -2.681e+05 -1.487e+07 -2.118e+06 -9.796e+04 -1.389e+05 -2.045e+05 -2.125e+05      -8818  1.022e+04 -3.468e+04   2.29e+04  9.293e+04 -9.994e+04 -1.746e+04 -3.987e+04 -1.515e+05 -1.284e+05 -6.346e+04   6.52e+04  6.069e+04  1.056e+04 -2.247e+05  -5.21e+04  1.455e+05 -9.099e+04 -5.349e+04 -1.247e+05  3.691e+04 -3.196e+04      -2760 -5.659e+04 -7.141e+04 -1.217e+05  9.739e+04  2.417e+04  3.573e+04  1.003e+05  5.352e+04  1.167e+05  1.063e+05  1.002e+05  1.126e+05  7.813e+04  1.013e+05  1.053e+05  7.127e+04  7.601e+04  8.312e+04  3.782e+04  7.364e+04   1.43e+05  5.483e+04 -3.116e+04   7.11e+04  5.023e+04  9.167e+04  1.419e+05  6.818e+04  1.149e+05  1.036e+05  8.539e+04   8.64e+04   3.41e+04  1.395e+05  7.909e+04  7.717e+04  7.514e+04  1.284e+05  1.167e+05  5.664e+04  9.558e+04  1.216e+05    7.8e+04  9.811e+04  1.127e+05      -1214  9.784e+04  2.888e+04  1.251e+05  7.676e+04  1.078e+05  1.446e+05  1.426e+05  7.322e+04   8.28e+04  5.021e+04  8.246e+04   6.12e+04  6.895e+04  9.828e+04  1.606e+05  6.925e+04  8.054e+04  1.497e+05  4.679e+04  3.086e+05 -3.404e+04  1.844e+05  2.252e+05   1.04e+05  2.276e+05
  1.049e+05  1.292e+05  8.064e+04  3.074e+04 -6.708e+04  3.655e+04 -8.647e+04  -6.67e+04       9815 -1.071e+05 -1.239e+04 -5.677e+04 -8.641e+04  -7.85e+05 -7.284e+04 -2.118e+06 -1.454e+07 -1.525e+05   -3.3e+04 -2.655e+05 -6.497e+04  -6.39e+05  1.195e+04 -2.172e+04 -4.442e+04 -1.939e+04 -2.173e+05 -6.486e+05  4.045e+04  4.848e+04 -8.612e+04 -5.545e+04  -2.26e+05      189.8  3.518e+04  -2.33e+05 -8.312e+05  3.861e+04  3.105e+04  1.117e+04 -2.691e+04  3.136e+04  3.114e+04  1.162e+04 -2.815e+05 -3.411e+05   6.85e+04  1.023e+05  1.221e+05  9.553e+04  8.787e+04      -6802  1.174e+05 -3.902e+05  1.034e+05  1.122e+05  6.135e+04  1.005e+05   1.71e+05      -4958  1.457e+05  8.206e+04  1.927e+05  9.407e+04  1.397e+05  8.586e+04  8.235e+04  1.342e+05  6.065e+04  8.501e+04  7.161e+04  1.024e+05   8.98e+04  8.991e+04  1.083e+05  5.839e+04  1.275e+05  1.347e+05  8.998e+04  8.112e+04  8.196e+04  1.273e+05   1.07e+05  6.251e+04  9.372e+04  9.735e+04       2451   1.02e+05  1.784e+05  9.856e+04  6.782e+04  3.013e+04  1.398e+05  4.897e+04  1.294e+05  6.802e+04  1.426e+05  1.449e+05  1.297e+05  7.959e+04  8.996e+04   1.02e+05  1.982e+05  1.967e+04 -8.021e+04  5.996e+04  1.083e+05  1.413e+05  1.801e+05  1.016e+05  1.362e+04  2.571e+05 -1.951e+05  4.564e+04  1.493e+05
  1.268e+05  1.731e+05  3.619e+04 -6.135e+05  -5.01e+05 -5.511e+06 -1.329e+06 -1.127e+06 -1.919e+05 -1.003e+05 -3.808e+04 -2.793e+05 -1.242e+05  1.182e+05 -1.089e+06 -9.796e+04 -1.525e+05 -3.241e+07 -8.555e+05 -1.467e+06 -6.149e+05 -6.182e+05 -6.923e+05 -1.566e+05 -6.379e+05 -3.817e+05 -4.583e+04 -2.198e+05  8.087e+04 -3.445e+05 -2.535e+05 -7.104e+04 -1.912e+05 -1.264e+05  4.259e+04 -2.085e+05  2.156e+05 -2.349e+05 -8.711e+04  1.249e+05  5.396e+04 -1.679e+05  3.633e+04  2.071e+05 -4.224e+05 -1.053e+05 -1.991e+05       6735  4.083e+04 -6.524e+04  6.522e+04  9.675e+04  1.119e+05  1.636e+05  1.914e+05  1.541e+05    1.1e+05   1.96e+05  1.621e+05   1.32e+05  2.331e+05  1.101e+05  2.993e+05  1.893e+05  1.604e+05  1.075e+05  3.868e+04  1.567e+05  6.101e+04  1.438e+05  1.054e+05  1.805e+05  3.905e+04  1.355e+05  1.326e+05  2.363e+05   2.33e+05  1.476e+05  1.228e+05  1.197e+05  9.345e+04  1.667e+05  1.319e+05  6.894e+04  1.291e+05  1.946e+05  1.308e+05  1.183e+05  1.154e+05  1.925e+05  1.428e+05  1.347e+05  2.525e+05   1.54e+05  8.922e+04  1.888e+05  1.033e+05  1.448e+05  1.155e+05  2.281e+05  1.139e+05  1.379e+05  6.664e+04  3.149e+05  2.826e+05  3.214e+05   1.51e+05   3.32e+05  2.187e+05  3.074e+05   4.15e+05  3.042e+05  2.613e+05     -205.4  2.824e+05
 -6.295e+04 -7.671e+04 -1.131e+05 -2.346e+05 -2.248e+05 -5.481e+05 -2.213e+05 -1.239e+05 -5.108e+04  -6.42e+04  2.889e+04 -4.597e+04 -1.617e+05 -9.242e+04       3102 -1.389e+05   -3.3e+04 -8.555e+05 -1.944e+07 -1.467e+06 -5.543e+05  -5.92e+05 -3.685e+04  -4.37e+04 -3.614e+04 -2.413e+04 -1.114e+05   5.33e+04 -1.261e+05   1.82e+05  7.424e+04 -5.673e+04 -2.114e+05 -6.158e+04  -3.01e+05 -1.245e+05 -1.704e+05 -2.335e+05 -4.473e+04 -1.253e+05 -1.181e+05  -1.76e+04 -2.347e+05 -2.681e+05  2.734e+04 -7.958e+04 -1.228e+05  8.721e+04 -3.726e+04 -4.769e+04  3.889e+04  4.012e+04  8.162e+04 -4.138e+04      -4798  8.645e+04  7.087e+04  1.451e+05  1.588e+05  5.648e+04  1.956e+05  9.244e+04  2.299e+05  1.069e+05  1.076e+05  6.976e+04  1.517e+05  8.525e+04  5.271e+04  8.688e+04   1.42e+05  1.101e+05  1.941e+05  7.779e+04  1.435e+05  1.542e+05  9.117e+04  6.107e+04  6.163e+04  7.344e+04  5.068e+04  3.767e+04  9.339e+04  6.462e+04  8.791e+04  6.268e+04  6.101e+04  9.001e+04 -2.208e+04 -1.001e+05  9.671e+04  1.048e+05   1.69e+05  1.608e+05  1.294e+05  1.346e+05  1.772e+05  1.785e+04  1.237e+05  5.122e+04  3.101e+04  1.331e+05 -1.749e+04 -8.859e+04 -1.003e+05  5.351e+04  1.193e+05  5.575e+04  1.732e+05  7.676e+04  3.782e+04  8.603e+04  -2.71e+05  -2.56e+05  1.373e+05
  1.418e+05  1.107e+05  6.746e+04 -4.005e+05  -1.91e+05 -1.571e+06 -8.114e+05 -6.329e+05 -2.159e+05 -1.476e+05 -8.001e+04 -3.422e+05 -1.225e+05  8.524e+04 -7.693e+05 -2.045e+05 -2.655e+05 -1.467e+06 -1.467e+06 -4.966e+07  -1.22e+06 -8.773e+05 -4.918e+05 -2.382e+05 -4.882e+05 -8.332e+05 -2.012e+04 -5.873e+05  6.346e+04 -6.358e+05 -5.351e+04 -2.037e+05 -4.287e+05 -3.977e+05 -5.213e+05 -1.466e+05  -5.85e+04 -3.792e+05 -1.164e+05  1.895e+05 -2.161e+05 -7.442e+04  3.136e+04  3.653e+04 -2.065e+05 -1.514e+05 -6.267e+04  4.185e+04   1.26e+05  7.673e+04  3.848e+04  1.329e+05  1.443e+05  2.823e+05  1.467e+05  1.881e+05  1.114e+05  1.577e+05  5.593e+04  1.192e+05  2.215e+05  7.087e+04  2.435e+05   1.57e+05  2.134e+05  1.118e+05  2.866e+05  1.387e+05  5.878e+04  1.725e+05  2.665e+05  1.745e+05  2.272e+05  1.962e+05  1.838e+05  1.387e+05  2.415e+05  1.243e+05  1.142e+05  9.461e+04  1.091e+05  2.517e+05  7.155e+04  7.139e+04  1.068e+05  2.287e+05  1.682e+05  2.196e+05  2.278e+05  4.356e+04  1.982e+05  8.585e+04  3.061e+05  1.842e+05  1.252e+05  2.635e+04  1.861e+05  1.143e+05  1.149e+05       9944  1.731e+05  1.364e+05  2.092e+05  1.492e+04   6.35e+04  2.915e+05  1.691e+05  1.922e+05  1.907e+05  9.151e+04  1.911e+05 -5.852e+04   8.47e+04 -1.279e+05  1.559e+04
  1.333e+05  1.508e+05  8.004e+04 -2.311e+05 -1.296e+05 -4.676e+05 -1.097e+06   -6.2e+05  -2.22e+05 -6.933e+04 -7.619e+04 -2.077e+05 -8.313e+04  2.645e+04 -4.555e+05 -2.125e+05 -6.497e+04 -6.149e+05 -5.543e+05  -1.22e+06 -2.759e+07 -1.114e+06 -3.303e+05 -1.492e+05 -1.345e+05  -7.12e+04      -4339 -4.913e+05 -6.755e+04 -5.164e+05 -1.739e+05 -1.217e+05 -1.942e+05 -1.999e+05 -7.687e+04 -1.456e+05  6.802e+04 -6.219e+04 -1.652e+05  -5.27e+04 -4.237e+04  7.318e+04  4.745e+04  -5.19e+04 -2.464e+05 -7.265e+04  -5.49e+04  5.144e+04 -4.505e+04  4.049e+04  5.373e+04  8.914e+04  5.772e+04  1.184e+05  1.167e+05  8.614e+04  8.914e+04  1.597e+05  7.148e+04  9.236e+04  1.212e+05  7.985e+04  4.172e+04  1.467e+05  9.889e+04  1.553e+05  2.039e+05  1.705e+05   6.68e+04  1.591e+05  2.051e+05  1.047e+05  1.352e+05  1.011e+05  2.021e+05   8.28e+04    2.1e+05  1.557e+05  9.869e+04  1.253e+05  1.092e+05  1.472e+05  6.338e+04   7.66e+04  9.327e+04   1.55e+05    1.2e+05  1.435e+05  1.579e+05  8.879e+04  1.856e+05  1.672e+05  1.418e+05   1.46e+05  1.415e+05  8.951e+04  8.127e+04  5.012e+04  1.122e+05  2.215e+04  1.063e+05  1.475e+05       3521  2.267e+04  1.221e+05 -1.539e+04  1.643e+05  7.948e+04  2.199e+05  3.905e+05  1.026e+05  4.027e+05  3.189e+05  1.491e+04  8.379e+04
  8.899e+04   8.79e+04  3.352e+04 -1.764e+05 -8.394e+04  -3.32e+05 -9.501e+05 -2.539e+05 -9.173e+04  -1.07e+05 -7.752e+04 -7.515e+04 -2.152e+05 -1.252e+06 -2.848e+05      -8818  -6.39e+05 -6.182e+05  -5.92e+05 -8.773e+05 -1.114e+06 -2.924e+07 -3.001e+05 -8.157e+04 -1.493e+05  -1.95e+05  -2.71e+05 -3.121e+05  3.632e+04  1.155e+05 -8.302e+04 -1.031e+05 -3.432e+05 -4.188e+04 -5.004e+05  1.329e+05   5.52e+04  -4.39e+05  1.085e+05  1.389e+05 -3.099e+05  -1.19e+05  -2.01e+05 -3.131e+05 -7.105e+04 -4.841e+05 -1.876e+05   5.63e+04  1.193e+05  6.897e+04  1.102e+05 -8.581e+04  6.941e+04  2.512e+05  9.262e+04  1.162e+05  1.206e+05  1.515e+05   1.56e+05  3.909e+04   2.03e+05  1.208e+05  2.604e+05  1.153e+05  1.721e+05  9.684e+04  1.761e+05  1.439e+05  9.035e+04  8.946e+04  1.357e+05  1.305e+05  1.219e+05  1.562e+05  1.726e+05  1.279e+05  1.114e+05  2.271e+05  1.121e+05  1.402e+05  1.021e+05  1.312e+05  1.613e+05  8.947e+04  1.014e+05  1.673e+05 -2.381e+04  1.387e+05  1.229e+05 -8.172e+04  1.774e+05  1.355e+05  2.434e+05  1.462e+05  1.723e+05  1.648e+05  2.615e+05  2.004e+05  1.213e+05  1.766e+05  1.307e+05  2.105e+05  2.957e+05   2.59e+05  4.468e+05  2.942e+05  1.688e+05  8.069e+04   1.64e+05  1.658e+05  1.517e+05 -2.445e+05 -6.506e+04  1.002e+05  6.498e+04
  1.191e+05    5.9e+04 -2.813e+04 -3.093e+06 -6.235e+04 -8.551e+05 -9.225e+05 -5.195e+05 -1.891e+05 -8.895e+04       1211 -1.415e+05      -7125  3.749e+04 -3.896e+05  1.022e+04  1.195e+04 -6.923e+05 -3.685e+04 -4.918e+05 -3.303e+05 -3.001e+05 -1.971e+07 -1.152e+05  -5.59e+06 -9.726e+05 -2.833e+05 -7.599e+05 -4.864e+05 -4.528e+05 -3.022e+05 -1.783e+05 -1.519e+05 -2.295e+05 -3.388e+05 -3.698e+05 -1.835e+05 -2.015e+05   -2.3e+05 -3.675e+05 -4.567e+05 -2.031e+05 -3.031e+05 -1.759e+05 -6.102e+04 -3.523e+04 -1.475e+05  5.096e+04  1.586e+05  1.011e+05  9.136e+04  5.033e+04  8.614e+04  7.387e+04 -3.563e+04  8.574e+04  8.686e+04   7.21e+04  6.972e+04  9.983e+04  1.684e+05  1.027e+05  1.745e+05  1.593e+05  1.527e+05  1.428e+05  1.177e+05  1.146e+05  8.092e+04  1.209e+05  4.791e+04  1.492e+05  3.812e+04  1.362e+05  8.869e+04  1.456e+05  1.739e+05  1.463e+05  9.981e+04  1.069e+05  1.013e+05  1.921e+05  1.334e+05  8.869e+04  1.014e+05  1.674e+05  1.571e+05  1.038e+05       1582  1.692e+05  1.381e+05  1.356e+05  1.612e+05  1.883e+05  7.144e+04  1.413e+05  1.624e+05  2.195e+05  1.609e+05   1.39e+05  1.214e+05  1.699e+05  1.895e+04  1.913e+05  1.339e+05  1.919e+05  1.722e+05  1.987e+05  2.608e+05  1.969e+05    2.9e+05  2.139e+05  1.112e+05  2.924e+05   3.13e+05
  1.706e+04  3.287e+04       9739      -6791 -4.916e+04 -3.393e+05 -3.448e+05 -1.641e+05 -2.843e+04  -2.76e+04 -1.899e+04 -5.023e+04      -3691  4.038e+04  -1.02e+05 -3.468e+04 -2.172e+04 -1.566e+05  -4.37e+04 -2.382e+05 -1.492e+05 -8.157e+04 -1.152e+05 -3.032e+06 -2.029e+05 -1.396e+05 -3.678e+04 -1.334e+05 -2.162e+04 -1.185e+05 -1.042e+05 -4.518e+04 -1.374e+05 -7.434e+04 -9.183e+04 -7.455e+04 -4.576e+04 -4.386e+04 -5.209e+04 -2.703e+04 -3.011e+04 -8.631e+04  3.557e+04 -1.153e+04 -9.246e+04 -4.624e+04 -5.591e+04  2.492e+04  2.041e+04  2.439e+04  4.373e+04  5.188e+04  2.756e+04  8.841e+04   3.51e+04  4.921e+04  3.999e+04  5.582e+04  3.809e+04  6.101e+04   5.55e+04  3.277e+04  9.057e+04  6.321e+04  5.381e+04   5.79e+04  2.806e+04  7.956e+04  3.753e+04  5.518e+04  5.142e+04  6.579e+04  6.884e+04   7.75e+04  7.291e+04  6.499e+04  6.758e+04  6.457e+04  4.618e+04  5.375e+04  2.164e+04  4.811e+04  6.658e+04   4.93e+04  5.577e+04  8.755e+04  6.176e+04  7.771e+04      -3734      -9116  6.464e+04  8.947e+04  5.297e+04  7.707e+04  5.935e+04   3.42e+04  7.091e+04  8.958e+04  7.065e+04  6.289e+04  3.821e+04  7.017e+04  1.184e+05  8.951e+04  1.002e+05  7.442e+04  1.025e+05  9.683e+04  6.923e+04       2242  1.293e+05  1.296e+05   1.63e+05  1.814e+04   1.07e+05
  6.475e+04  5.059e+04  2.917e+04 -1.517e+06 -1.534e+05 -6.888e+05 -8.175e+05 -3.515e+05 -1.884e+05 -1.207e+05      -8312 -1.473e+05      -2195  1.267e+05 -3.341e+05   2.29e+04 -4.442e+04 -6.379e+05 -3.614e+04 -4.882e+05 -1.345e+05 -1.493e+05  -5.59e+06 -2.029e+05 -1.606e+07 -1.841e+06 -6.278e+05 -1.468e+06 -6.121e+05  -1.34e+06 -7.447e+05 -1.825e+05 -4.352e+05 -2.221e+05 -4.771e+05 -4.786e+05  -5.67e+05 -7.574e+05 -5.069e+05 -6.215e+05 -5.378e+05 -4.737e+05 -2.938e+05 -2.071e+05 -2.602e+05 -6.278e+04 -2.182e+05  4.332e+04  1.091e+05  1.411e+05  7.534e+04  5.013e+04  6.955e+04  2.122e+04  1.643e+05   7.82e+04  9.044e+04  4.634e+04  1.007e+05  9.622e+04   8.39e+04  1.133e+05  1.413e+05  1.664e+05  2.241e+05  1.244e+05  1.922e+05  1.112e+05  5.077e+04  1.611e+05  1.109e+05  1.229e+05  7.657e+04  1.175e+05  1.226e+05  2.249e+05  1.586e+05  9.018e+04  9.773e+04  1.059e+05  1.276e+05  1.478e+05  1.097e+05  9.326e+04  8.715e+04  1.632e+05  1.433e+05  9.893e+04  1.274e+05   3.93e+04  1.456e+05  2.204e+05  2.188e+05   1.28e+05  8.999e+04  1.178e+05  2.155e+05  2.432e+05  1.456e+05  1.343e+05  6.731e+04  1.204e+05  8.115e+04  8.886e+04  1.364e+05  1.411e+05  2.082e+05  2.486e+05  2.391e+05  1.968e+05  2.479e+05  3.663e+05  2.564e+05  8.428e+04  2.811e+05
  1.424e+05  2.298e+04  2.886e+04  -4.04e+05 -8.884e+04  -4.51e+05  -6.76e+05 -3.148e+05 -8.128e+04  -4.17e+04 -2.478e+04 -1.356e+05       7625  2.495e+05 -2.428e+05  9.293e+04 -1.939e+04 -3.817e+05 -2.413e+04 -8.332e+05  -7.12e+04  -1.95e+05 -9.726e+05 -1.396e+05 -1.841e+06  -6.74e+07 -1.606e+06 -7.111e+06 -2.386e+06  -7.54e+06 -3.814e+06 -1.059e+06 -2.193e+06 -1.213e+06 -1.965e+06 -1.042e+06 -1.293e+06  -4.27e+06 -2.697e+06 -1.941e+06 -2.083e+06  -2.34e+06 -6.909e+05 -8.753e+05 -3.965e+06 -4.584e+05 -7.382e+05  6.521e+04      -2000 -5.108e+04  3.997e+04   7.13e+04  1.303e+05   1.25e+05  2.533e+05  1.169e+05  1.255e+05  6.297e+04  1.814e+05  7.458e+04      -6030  9.212e+04  2.884e+04  1.554e+05  1.011e+05  1.361e+05  5.154e+04  8.811e+04       6213  1.452e+05  1.374e+05  6.497e+04  1.295e+05  1.687e+05  1.294e+05  1.905e+05  1.833e+05  2.653e+05  1.316e+05  1.327e+05  1.275e+05  1.605e+05  1.551e+05  8.703e+04  1.746e+05  1.659e+05  1.966e+05   1.92e+05   2.16e+05  3.572e+05  1.769e+05  1.703e+05  1.647e+05    1.8e+05  1.654e+05  2.101e+05  2.331e+05  3.375e+05  2.749e+05  3.026e+04  1.632e+05   2.39e+05  1.291e+05  1.648e+05  2.893e+05  3.258e+05  3.738e+05  2.872e+05  3.498e+05  8.757e+04  2.248e+05  4.842e+05  2.902e+05  2.359e+05  2.185e+05
  3.587e+04 -2.662e+04 -2.594e+04 -4.735e+04 -2.017e+05 -1.687e+05 -1.217e+04   2.85e+04  4.669e+04 -2.084e+05  2.235e+04   3.83e+04 -1.196e+05   2.38e+04  8.567e+04 -9.994e+04 -2.173e+05 -4.583e+04 -1.114e+05 -2.012e+04      -4339  -2.71e+05 -2.833e+05 -3.678e+04 -6.278e+05 -1.606e+06 -2.558e+07  -4.54e+06 -1.227e+06 -2.427e+06 -1.807e+06 -5.934e+05 -1.434e+06 -7.803e+05  -1.43e+06 -1.116e+06 -2.116e+06 -3.291e+06 -2.152e+06 -1.487e+06 -1.472e+06 -1.778e+06 -6.317e+05 -8.085e+05  -8.19e+05 -4.123e+05 -2.158e+05  6.187e+04 -1.033e+05  5.799e+04  1.023e+05   1.18e+05  1.106e+05 -5.673e+05  3.802e+04  8.646e+04  5.667e+04   1.23e+05  1.745e+05 -1.868e+04  7.946e+04  9.991e+04  2.341e+05  1.301e+05  2.775e+05  6.531e+04   2.81e+05   1.42e+05  5.848e+04  1.211e+05  2.418e+05  8.758e+04  1.589e+05  9.763e+04  1.377e+05  4.246e+04  8.024e+04  1.009e+05  9.603e+04  1.129e+05  9.928e+04  1.197e+05  8.301e+04   5.91e+04  9.192e+04  1.038e+05  1.138e+05  1.173e+05   4.65e+04  6.597e+04  1.007e+05  2.939e+05  1.238e+05  7.686e+04  1.519e+05 -2.298e+05 -3.033e+04  2.538e+05  7.158e+04  1.273e+05  6.693e+04   1.46e+05  2.646e+05  1.757e+05  1.197e+04 -4.627e+04  1.277e+05  9.995e+04 -2.326e+04  1.285e+05  1.064e+05  1.719e+05   2.44e+05 -3.135e+04   1.99e+05
